1000
158303224
165062154
134473828
160207712
170995393
158176072
150561372
155479680
163095010
144532608
155574451
176770433
165030730
172328285
139487154
164459307
153988449
145611556
168615712
165189266
160429459
166363371
141898869
151386244
152116143
167156451
154972187
132284501
154242199
165728303
153765785
171693563
181403408
176262915
154844432
167378246
169314134
172391582
141105635
151735218
150022073
169345374
169218695
169504554
165982424
140280558
170360969
169758237
150021965
179182013
149228583
176040701
150370754
151227395
182989816
176231075
162238459
171852606
167822722
159445432
134061268
168711171
150339228
160270432
153417267
167061046
165855182
154527331
164554754
152877296
149704747
167473312
159635919
136314101
176580185
133331474
151227382
165506584
161635412
165982608
165791882
155161760
180038706
152941001
143326633
163856189
132950714
167346529
145611296
151322409
158240064
157637216
158398439
168552610
168901620
158842490
167664012
174612849
138662126
155257124
146531544
150973702
146341299
172772358
151259389
168393717
161127191
156050299
165632980
136948877
165823694
161095500
135140247
165569641
135901768
173724663
159097188
138948018
165982327
181530164
140820057
176897526
148403543
159128857
163475683
145991765
163666298
163221644
165982013
178959946
161031970
166902099
143738958
163761273
175723603
135520967
165442543
154527374
147578735
153829464
144532535
167949707
138535323
162237848
154210354
180387967
155257559
141264369
165633566
165093979
150529720
170392671
139169963
153765896
158684258
142152827
154876731
157763946
151798469
181244529
130444139
177532096
151862208
141835549
151196079
146562959
157320271
156970768
164713156
184290750
159159952
168615618
150942249
150307106
166235872
133363221
168203410
177913100
156113827
165759965
156209055
161572133
167092849
151545224
155320556
171280987
140851747
154654539
171916003
142279573
161412794
147356628
154273987
137044181
170075670
165760010
170932453
174010180
154495998
154083733
169790050
168615827
173343813
177849505
143390222
164395353
158208397
153099842
176802536
163792734
168139992
165950364
143168114
160080519
181339774
165442956
141644801
159540747
157668857
160048486
147959238
168171767
135172001
166870755
133172917
149768227
141232631
173153604
148118033
141771710
150339355
159446121
145738123
139233328
170678135
157827631
150878230
162935893
171312796
183782979
158526037
171122387
153543536
139740926
154908174
161762425
164871330
168647392
152179817
166648490
165252828
170233833
154844435
165696944
167219729
148625643
171059355
179277453
154305425
163856574
137646753
140502750
154686178
152528471
173470564
165062029
173089973
131776731
184671424
145484068
156399437
177151540
172074624
174581318
166902313
156240694
140407545
167156335
152845468
155257443
144500764
158494173
162270178
163412114
179880250
145706352
140217007
146086994
140090166
148467259
164618013
135552589
183783131
166712375
174200211
176548511
162904237
157827369
159413998
169948862
167409809
182037763
183021587
177214971
157033985
136377600
169250569
166267471
160619440
130317193
158081019
133807494
163190358
139519083
151290669
184322553
148625493
154115082
141771691
173406980
185211008
161698426
147927905
142406723
162364587
185464772
139931449
165379212
146277541
132982532
161127019
174073534
148593726
159985425
148911043
151767371
168330032
163633881
165315951
160969009
142533452
170012079
133585364
167504959
137583325
178420660
162872483
132950848
164808547
146880216
169536206
157034466
141994132
141264294
152306130
146309403
143992854
170868903
144532543
138376869
157255899
165855008
165093572
158081154
146277537
148625644
148213129
159064760
153163406
141423055
158208392
148086512
180292786
170836909
186765673
181974375
154908109
137107550
159635985
147895945
148657293
166775424
156622051
141518244
161730362
163475473
162841203
183656173
148244711
153543687
130063352
160493288
180197621
153512345
152084214
149926431
156717174
157764123
137488156
145484244
147356120
174581158
179087037
131586416
150021528
150909977
163951864
166997557
141295844
174834816
154305197
167409829
150116912
146087174
162777208
146023701
144532182
150783378
182006184
164173268
162936185
149133560
168552413
160461020
177405306
174771584
163951395
177785824
173756175
183180248
147736937
141517930
172581919
146150723
179245577
165570060
147769159
160048337
154432434
157065742
139169852
156113709
143040869
149926951
168234762
167505245
173787804
147166012
172613880
143358160
144183372
166172674
137107571
160143372
173756175
157890755
161381569
157351245
184671590
163221346
154717778
155416261
134918028
143453482
164015074
143421817
150021469
161825551
155701719
155701376
168234999
155892037
168203555
129872894
163095028
143866109
164903600
156558665
143041309
155637990
149133694
151354142
162745717
146689931
152306243
170233833
172391611
148689309
182323328
185813780
172899637
164237001
178293689
175437758
155796535
161539949
168393419
173978558
140058574
169440818
157859042
150244238
178262121
167156565
140471003
162809355
154146870
159160031
164681301
167695488
159065029
135520847
161096163
140153476
161761705
172487207
149799925
152242651
149990415
162016372
156875617
169345652
173787984
177690934
151544509
146848682
180133936
185782077
147990929
168235052
138916012
166204073
158557551
158398583
186226288
160207595
182577361
179023499
150910466
161476970
168584403
145167084
179499454
134346894
171915972
162619222
161381357
170773249
173153380
162205981
138249764
160746437
150022090
141930663
151513360
150656397
170234335
158589240
147927915
189177249
132030666
155764975
182196651
164332140
169535908
167187750
170202681
138979474
148593682
166679954
158208164
188383987
144373738
165823486
138662434
146404502
147546781
139296720
139297016
135901626
178325528
175882050
170107228
158938254
134220057
183592638
185560034
154305755
160619502
167886404
170266128
154527938
154876553
154432305
138598652
150243793
158017741
157255982
140185440
140851776
157986379
155161819
168298688
174803516
159001366
172645612
164935417
147832460
179436015
149387129
135711215
139297064
169916507
144786286
150910246
141581367
134664190
153892557
141169002
188225329
162459999
166743471
140883584
167664178
151862232
160048520
184576233
148022788
178769814
143707346
174644795
158493406
180419757
162523846
133109431
164237318
136314288
152243199
179626255
162809210
160048976
140566157
152877499
146150730
138630686
171852347
150751768
172201659
150148682
167505505
163443769
157415133
151068536
175533127
147990897
138376748
162872967
170011779
148371948
169218739
168267070
144405552
166046013
167600712
174739827
157382887
183814740
167188347
159668008
147832422
152719059
161698960
137424936
182069645
172486948
153004308
163634567
137234358
150434468
145230492
179150397
141296090
143739076
161571976
158652703
179213891
148784473
168298676
139709399
151639770
159826772
156336009
170646320
164395889
174200641
159255525
169663287
156177086
139423711
140756600
150117134
155859924
153671158
165157403
153416825
128667180
154559612
158525455
166172408
153670776
166140716
164776771
155796797
162047369
145515792
165252477
167664041
155574755
151576516
163602301
129301792
142184193
137868909
169123617
188986838
142342934
131808443
151862135
143612308
156812137
135711212
148086527
157034502
175691869
160270454
156494811
136536399
145420891
143612225
165220626
139423834
142311524
170487962
165442942
157447113
146753870
172550498
165854947
183053362
170139187
165125846
186226337
152687022
159667740
165886882
148054278
148625814
142343177
146404530
165696516
165728391
159667598
154622485
164205026
180863825
144341787
146499425
144088327
146785234
138852779
144278622
162904683
164522425
163411979
187051320
152052609
141042030
161253983
133807492
163507688
144183415
153194874
151290876
153671219
178801311
155606015
145515830
175850356
159255851
142469938
157985707
153702669
143897862
151957503
161508380
151163917
152338476
174930078
161952867
176263129
174200229
176516931
155162460
156430912
161666720
166902625
173946550
158335209
155637878
177341784
152623344
152084226
153987816
174930362
165601447
158589092
139106466
164998745
150814937
142691899
152623863
146499939
141200671
152084646
162110715
179848471
156558419
132570001
153163160
163158476
131808479
137361171
146182324
134505643
137646771
158715727
155574864
180261006
148023091
159572563
165379688
144659120
155701956
174454046
159445430
170615067
144976384
162460024
165982199
148562448
172677348
156780762
171281390
145135559
161190949
155574870
158715683
155479686
157129625
147261127
136536299
160144169
160493181
137964135
164839747
147737194
145960288
157795588
173788087
163285405
187400336
168615708
136155621
147642225
148466973
141264241
180927176
169599368
183434110
141771858
146119031
153544229
129841222
158176487
151449493
156843769
165887305
153798081
148054828
163983081
162174237
150084952
159921953
131046950
162936273
146340786
134949942
174327245
176262807
185655124
146340859
157985956
173692593
150719983
166997817
177849354
155828035
148530545
145484195
134347003
163666175
170392678
164015282
160747043
146658484
168837666
156685312
140851886
159160631
159287443
169091715
164237168
163317205
186511916
157287672
141803678
167696001
167505476
157383141
153575832
165918996
150085546
156748386
166966061
148340376
147102463
140724914
165030501
171566574
187812819
177627155
152147466
133871062
147832474
151766829
167378513
174010238
160206863
138535314
163126522
159890304
168013229
161444492
154686217
170773304
149355726
180292854
180197464
156748903
159763359
152814079
168457385
176929371
179848613
151354626
147451402
163855926
165697041
174200193
157510129
153544189
160366065
146658651
172677241
155098896
177246555
155003348
169218629
158652291
160651100
163665717
158335611
161413390
170900563
157097276
178769706
138186233
167378438
143009141
176580159
137710271
165379669
142945937
167664132
169789645
154527950
150243914
167441796
165982247
154400624
