1000
465145659
582906847
405739600
520455374
482734545
364590816
445174614
569064054
522137175
516360166
347985400
446348201
440061852
417297562
397801202
517978027
513532458
482101537
545632598
575668052
568237698
429458444
483748424
542711944
517057570
471494130
516233035
517977344
591829619
570779528
438856867
457747193
590940257
437647866
423394316
467271832
457971059
462921287
450029809
599322355
484415516
342301920
447174743
530454147
525311854
389960264
507184349
507816484
347573065
438886606
421266010
574715988
501976674
487021083
400565186
502322644
353668282
496131607
587733653
566142639
611450872
516294691
468956286
487467503
428346653
567032047
540235235
407390154
509181802
620531612
454573249
383610152
564048041
420154982
372783325
583415747
507563443
363701722
505625188
528265852
485689261
480765450
497403398
508136926
498514503
330300452
510641478
589289693
496133147
439997364
548965715
391864070
515564440
338206471
464002607
384942044
470160159
562873141
471686162
418534675
480892616
572016747
436123348
594400604
389070343
495530649
371607827
591067689
349699506
496134101
501977381
472827732
449460147
426407948
424059752
415646367
472542952
529186809
522391128
408249044
497087428
352145284
561539087
570080826
523852302
463241782
398849460
398627420
576271782
487908049
480069823
465527717
524361061
417012134
400721926
501465648
450697489
492960390
411771290
528390635
455272477
432061192
516642630
609705115
413073033
477049110
452538929
340079366
435046219
484989712
529089783
371036101
534742281
396056595
499881249
440187384
393515696
559125880
368941235
517438394
507976711
391451934
329157597
400882472
404532002
555506261
359478846
462130220
482414932
400087502
332999188
428598788
475302755
471242441
387896833
377799521
587764846
450348341
408754993
559761691
549189053
500104152
469018651
609038196
375099953
565254362
467908291
468320974
515882632
405104508
441617466
335634573
485465588
420504867
538551594
599957085
469528392
349032969
344810275
419709789
444188025
542680797
496353526
491307361
397388431
473812853
530550704
560555585
504897038
480034821
517502564
510167929
557633489
493623018
455427632
454889116
413709921
557030030
476544246
496480535
496546051
485558527
434599939
458986053
429172695
561666300
386468097
451681535
524931959
482609267
488291990
518739399
519310942
433744196
517277314
442728395
503087323
537759157
329887718
470510589
405645686
529280571
603608481
490958087
450667713
532233761
370878285
477017234
501465578
577414341
472603994
467750406
498292605
588621967
488100053
453587460
617166222
536202516
455970022
546583951
450953059
449810411
515501795
509977962
476735785
467715127
549379650
605863321
483845061
555791497
422947590
441142763
449461716
498865750
486957841
452952564
575700594
425264881
601576890
582526008
494608490
434506899
550616079
484609575
495055313
464096074
426884938
489848507
353478227
496100725
434504406
377036884
617102677
443302356
466606945
412154100
515279722
466572583
544520400
456062938
521278724
427933522
574302240
564588034
512484458
510230818
438536627
366782121
518580604
552807194
534202321
440349173
499085233
450223962
452763332
519629751
501404905
424916403
453270825
412980101
460256665
471939161
337380711
506228979
349573147
582176339
396499637
374592934
419771891
486860435
403865387
537631781
473239556
490005782
400819603
513248332
370591942
484765580
485974088
404850276
447459553
611514326
513977979
503342298
427075758
627040720
563633946
482797047
407866653
589225856
419425246
403771706
504865909
422314258
516294605
531409637
524865906
447207704
583796189
526613129
460253774
463844623
432283789
472448029
418407991
376750568
417581845
487689077
511278601
505466355
464859447
498802019
439109130
565413179
476259105
489146879
508167478
499023096
548139974
464444324
486229417
481558977
492196556
597353607
488483194
426059748
447175336
481971724
469429978
491941648
604815033
439904943
501278288
486417558
473433848
570524613
490324833
522932419
554013663
480922714
422567433
448442954
385387552
482385612
553664864
429617548
535313853
497817973
561285324
390340030
419741050
577033460
420154831
404438551
551443303
508708499
521724268
519502540
478830661
484830450
470984546
609355209
390752259
538044766
392246031
396530817
369385901
405263108
612181501
510197787
443204771
383165527
562365390
407104031
482891118
421583693
434663986
512802262
399452080
538423473
523787053
526932839
399293157
509913394
448826446
521344607
366908049
440126521
477369153
417518739
488988610
467685734
433108125
535280443
611197447
551092805
520675328
493845988
450919643
468956600
470033880
460606077
349446306
512358647
479843978
453144104
442793858
426790561
426346440
526423932
547155836
492737395
395133939
343825870
427267250
385990845
387577281
547790719
398850616
486292727
465114691
482193873
526392073
338555478
499401707
566142774
394627061
455301305
560650403
483813446
528105422
469114907
608974223
466734666
515343966
595290053
527757963
569857333
359320541
500453182
446857315
415582409
502261474
382275005
468797827
492671258
404374280
363956336
458638171
396246260
460256686
587130280
508421810
432249684
529695147
473813297
409675411
561316860
607958193
495594288
455589814
457780416
465369056
393134892
498959058
460858155
527438177
465683983
528994359
425552469
465335121
535185769
484289091
502834110
480860573
366749779
439141028
541344831
570303124
492863413
523184178
463874679
438091645
456347842
542013811
491436058
515725224
446222214
384561117
415168094
472508558
441395997
352112659
333380307
423107404
517023551
390785143
588749486
516835328
430854972
491498942
473114038
476796880
391134506
428758496
530138393
504834346
408469813
501497054
503911563
425393440
571508181
464890482
466827477
442060570
525979627
506167475
459303164
437490622
574524598
452728643
488132702
461017212
429837764
555348699
591257962
384593638
431456519
392056187
402976817
501465734
476002725
479018860
550935717
530708461
524516520
379514379
387863561
480955097
396469154
453240430
491464036
523946114
439425833
481782245
446984345
397737686
519595438
492162518
474892308
484320275
388593912
464892544
461207542
492036376
460859126
560141486
476829844
587575049
525408068
387863613
497308640
465936986
528266086
489655301
528773357
547696246
507118215
537693614
469495390
372814272
447680731
409264087
462860145
451712592
372053000
397643800
410470646
460126274
582875436
452095032
359098527
571572066
550712219
530708411
462796942
353383453
425074382
519724659
425616289
389387375
588178697
453999943
361415719
554618369
418186827
459873646
564080284
386308984
419073289
464094916
545916823
458094491
466669255
559951245
537629742
462669812
566524537
486165079
473211608
438250709
447839808
512326838
484386051
336682519
522803526
519153188
494419642
542901596
514643609
378910319
476257845
468921286
590431930
559601679
461113859
520168573
422535985
373894332
611292284
521691847
528740335
496607811
520643221
419519829
490099287
513277837
482668862
513880358
471429325
504547958
473781803
435776476
592306093
510705547
555411995
338238374
412660692
461494594
456827216
559825208
392880610
418059116
549506744
439904022
449397924
467620299
448981919
417711131
544171720
555093483
476509383
520420960
386118206
520960799
527915980
359955581
462985219
559697212
490958073
402182808
356811777
454891125
606243947
393769313
408312387
444316279
416725247
515976964
493277368
463841637
504418341
501687632
340460406
508293927
494134238
520264448
448920217
561761540
380435203
479244214
361860361
449904226
523502334
391419240
531819924
403071392
600497086
493116735
461080459
485403060
533598918
464384121
523246921
435110051
473018265
614022630
394024710
362558728
472383394
456001489
510008109
607545701
374465596
429170817
486098233
326680768
464606316
351859176
418565781
465206515
556744010
480225350
544170807
544617590
378974663
436409954
396245421
546393770
479620820
560333112
502449626
451015493
450379135
451618369
471528769
504199728
441775318
439299788
401008890
377450408
564810105
466764239
510293042
496417387
421361586
554140388
464541870
551092925
359796689
533820018
538552282
379609483
507595137
440188424
582844052
531123600
539630790
367892986
339507767
472512681
420218809
470413935
461651768
601323051
493722132
567794018
504072632
501371461
375259604
469115630
595004601
461905168
523788114
326934923
571032250
397643595
439362565
482035175
620087430
471052054
462987366
475019046
515596794
493242023
589796622
478164785
375417360
631199985
577318752
567604623
551918399
442824173
453650648
552965907
412216710
506071500
460414842
388531542
578526307
444635349
475529717
411932284
410819627
543664096
385737856
547379893
423232770
390183029
451047884
490134426
531153193
469433462
498418011
506071041
406153431
353129295
502199680
389292054
526678332
546393986
443492282
474286593
594560224
441492496
405835642
493530773
568746010
606180357
502896851
430662496
370052165
417200019
326554024
473906298
426694478
466510713
432217932
400594786
521406832
417296832
425201194
550901954
489276751
492005738
604307594
452192306
476384976
495083983
432346955
485592546
385832269
514263074
533819648
440570395
603101230
402532612
414979287
428441886
420343698
447650507
584621875
479654510
371480393
521788054
500068905
627104031
387419566
447555744
400404383
492926792
467017772
488673739
549314947
497213079
498640759
590209559
399610630
499721567
453334830
533598473
462731464
440094148
438410103
440410279
403041801
487307959
357732322
554838773
555792964
516296317
510041989
487749345
566713649
393578335
388656928
502579575
464763236
536424960
464413045
440347368
467400885
497848986
419486046
493658334
414503810
435268386
429932142
512801407
599258777
457588761
530837810
357732701
521215643
458636706
461586568
464732961
427330452
422947653
552649657
431235542
491591299
595003785
595671684
527279661
531470153
487909149
453366499
457936611
484354094
442790501
455525738
542584155
495686734
610466650
454157745
469400916
456158643
355732544
546712703
