1000
177253701
818029991
82385523
653258945
233009560
508460147
475173067
192232887
304576782
585852608
706518273
138141382
280443649
311234198
657419830
181414586
119833488
678224255
68238514
691539087
197225949
463522589
138973559
807211690
832177000
595006555
284604534
67406337
287101065
596670909
597503086
812204752
431067686
491816607
623300573
376144004
334535154
282108003
713175689
817197814
3328708
382801420
484327014
460193881
432732040
516781917
468515651
739805353
24133133
368654411
18307894
122330019
83217700
105686479
216366020
791400327
58252390
682385140
197225949
759777601
745630592
723161813
815533460
725658344
298751543
723161813
803882982
461026058
719833105
392787544
376976181
14979186
192232887
178085878
381137066
218862551
387794482
253813985
580859546
649098060
711511335
206379896
604992679
515117563
536754165
565048183
198890303
117336957
189736356
178918055
97364709
792232504
591677847
341192570
751455831
77392461
707350450
763106309
74895930
445214695
427738978
433564217
170596285
755616716
169764108
624964927
441053810
629957989
315395083
698196503
482662660
372815296
182246763
254646162
621636219
560055121
199722480
310402021
122330019
618307511
557558590
704021742
247988746
84882054
292926304
262135755
367822234
726490521
60748921
130651789
820526522
632454520
785575088
488487899
332870800
67406337
25797487
306241136
774756787
593342201
757281070
403605845
198890303
684881671
575866484
565880360
287933242
277947118
820526522
203051188
642440644
371150942
280443649
811372575
44105381
426906801
100693417
581691723
656587653
650762414
355339579
49098443
9153947
79888992
714840043
43273204
35783611
473508713
233841737
694867795
122330019
721497459
540082873
791400327
159777984
670734662
812204752
75728107
307905490
625797104
324549030
462690412
213869489
506795793
411095438
370318765
529264572
416920677
173092816
240499153
401941491
64909806
24133133
328709915
386130128
152288391
758945424
422745916
717336574
372815296
431899863
230513029
153120568
34119257
386130128
718168751
197225949
476837421
522607156
447711226
531761103
6657416
380304889
141470090
121497842
733147937
654923299
366157880
451872111
629125812
753120185
742301884
99029063
567544714
55755859
242995684
44105381
618307511
832177000
125658727
600831794
670734662
757281070
480998306
258807047
416920677
608321387
597503086
756448893
489320076
43273204
146463152
532593280
140637913
793896858
659916361
297087189
507627970
244660038
356171756
183078940
342856924
810540398
703189565
645769352
293758481
476837421
504299262
118169134
669902485
649098060
38280142
412759792
342024747
695699972
83217700
493480961
764770663
220526905
745630592
728154875
818862168
822190876
698196503
506795793
582523900
160610161
681552963
443550341
515949740
339528216
114008249
212205135
818862168
122330019
220526905
292926304
168931931
439389456
632454520
265464463
714840043
207212073
515117563
658252007
203051188
331206446
612482272
513453209
831344823
138141382
34119257
122330019
534257634
676559901
56588036
220526905
565880360
80721169
394451898
164771046
429403332
467683474
367822234
340360393
383633597
601663971
33287080
782246380
158113630
331206446
494313138
664909423
691539087
41608850
20804425
733147937
71567222
630790166
391123190
8321770
142302267
728154875
425242447
438557279
510956678
813036929
381969243
437725102
316227260
17475717
431899863
154784922
132316143
273786233
624964927
634951051
785575088
471012182
698196503
14147009
147295329
68238514
649930237
767267194
252149631
436060748
208044250
461858235
486823545
64909806
456865173
585852608
496809669
332870800
39944496
163938869
522607156
564216006
347849986
709846981
147295329
59084567
327877738
23300956
764770663
473508713
629957989
114840426
320388145
825519584
171428462
779749849
276282764
626629281
607489210
592510024
639944113
192232887
604992679
173924993
100693417
784742911
378640535
440221633
34951434
436060748
284604534
401109314
362829172
743134061
496809669
692371264
588349139
361996995
486823545
151456214
756448893
540915050
233009560
137309205
797225566
347017809
749791477
799722097
669902485
301248074
402773668
685713848
337031685
365325703
311234198
249653100
292094127
547572466
332870800
9986124
698196503
235506091
116504780
354507402
501802731
831344823
46601912
347849986
448543403
572537776
267960994
34119257
170596285
257974870
228016498
111511718
540082873
46601912
234673914
315395083
222191259
573369953
332038623
675727724
506795793
431067686
790568150
362829172
49098443
424410270
753120185
114008249
443550341
623300573
31622726
644937175
203051188
586684785
562551652
262135755
777253318
436060748
578363015
451039934
51594974
44937558
714007866
304576782
29958372
155617099
776421141
109015187
74063753
616643157
763938486
759777601
609985741
441885987
392787544
396116252
763938486
538418519
75728107
564216006
732315760
136477028
207212073
115672603
813869106
526768041
421913739
520942802
412759792
518446271
50762797
550068997
713175689
636615405
704853919
347849986
550068997
124826550
352843048
380304889
634118874
220526905
656587653
368654411
755616716
594174378
416920677
324549030
396948429
471012182
214701666
497641846
297919366
423578093
193897241
148127506
389458836
464354766
788071619
175589347
659916361
174757170
476005244
659916361
379472712
128987435
148959683
233009560
801386451
199722480
252981808
335367331
284604534
697364326
562551652
756448893
738140999
544243758
16643540
276282764
24133133
260471401
828848292
570873422
526768041
342856924
16643540
377808358
322052499
223023436
784742911
335367331
670734662
312898552
453536465
736476645
723993990
606657033
168931931
690706910
715672220
454368642
133148320
51594974
466019120
110679541
28294018
489320076
91539470
301248074
242163507
598335263
283772357
221359082
446046872
714007866
133148320
19972248
142302267
336199508
142302267
736476645
341192570
85714231
560887298
145630975
272954056
609153564
699860857
485991368
260471401
486823545
207212073
517614094
167267577
515117563
201386834
511788855
520942802
813869106
593342201
9153947
64077629
731483583
123994373
44937558
154784922
40776673
307905490
464354766
739805353
532593280
744798415
367822234
170596285
93203824
738140999
772260256
109015187
812204752
232177383
362829172
136477028
550068997
759777601
277947118
560887298
509292324
552565528
414424146
371150942
39112319
650762414
820526522
809708221
154784922
318723791
635783228
272954056
231345206
196393772
165603223
616643157
417752854
341192570
334535154
562551652
654923299
155617099
701525211
725658344
530928926
212205135
245492215
368654411
255478339
367822234
208044250
436060748
342856924
305408959
768931548
262967932
430235509
80721169
286268888
406102376
692371264
418585031
366990057
643272821
802218628
586684785
221359082
90707293
249653100
589181316
638279759
731483583
91539470
659084184
443550341
582523900
603328325
758113247
336199508
737308822
390291013
520942802
559222944
53259328
317891614
64909806
665741600
250485277
415256323
580859546
15811363
107350833
204715542
158113630
19972248
459361704
563383829
123162196
619971865
778085495
614146626
352010871
171428462
832177
706518273
388626659
181414586
814701283
732315760
267128817
420249385
345353455
591677847
679056432
34951434
704021742
695699972
256310516
304576782
521774979
469347828
782246380
626629281
314562906
729819229
587516962
580859546
723993990
120665665
196393772
602496148
346185632
436892925
411095438
653258945
333702977
694035618
626629281
551733351
610817918
218030374
466851297
213037312
89875116
769763725
149791860
463522589
551733351
14979186
694035618
585020431
714840043
193065064
163106692
300415897
796393389
772260256
483494837
282108003
305408959
317059437
106518656
730651406
303744605
288765419
109847364
355339579
396116252
634118874
272954056
22468779
748127123
292926304
170596285
626629281
738973176
343689101
419417208
408598907
510124501
738140999
188904179
752288008
18307894
71567222
397780606
498474023
755616716
210540781
161442338
568376891
246324392
534257634
525103687
788903796
738140999
500138377
223023436
19972248
212205135
816365637
545075935
483494837
297087189
221359082
596670909
434396394
79888992
831344823
35783611
225519967
592510024
386130128
639944113
736476645
725658344
296255012
756448893
451872111
283772357
623300573
700693034
462690412
825519584
150624037
535089811
256310516
497641846
119001311
667405954
74063753
109847364
142302267
461858235
122330019
722329636
154784922
614146626
237170445
387794482
519278448
514285386
149791860
103189948
768931548
116504780
780582026
493480961
530928926
439389456
92371647
341192570
189736356
376976181
658252007
397780606
778917672
208044250
386130128
181414586
47434089
171428462
257974870
690706910
446046872
377808358
342856924
686546025
407766730
565048183
825519584
721497459
277947118
190568533
520942802
102357771
214701666
793064681
375311827
340360393
590013493
627461458
611650095
793064681
431899863
69902868
337031685
307905490
676559901
174757170
788071619
505963616
5825239
580859546
89875116
179750232
493480961
580027369
273786233
76560284
538418519
759777601
613314449
415256323
535921988
609153564
100693417
627461458
757281070
24133133
377808358
333702977
761441955
291261950
228848675
313730729
167267577
411927615
210540781
752288008
505131439
209708604
162274515
121497842
554229882
550068997
533425457
132316143
9986124
807211690
532593280
464354766
601663971
357003933
620804042
719833105
643272821
599999617
358668287
56588036
484327014
576698661
139805736
374479650
684881671
486823545
416920677
702357388
161442338
537586342
90707293
267960994
94868178
719000928
128987435
783078557
786407265
528432395
535921988
114008249
636615405
453536465
84882054
578363015
774756787
502634908
568376891
168099754
213869489
54923682
526768041
306241136
608321387
29126195
746462769
125658727
618307511
659084184
507627970
281275826
809708221
400277137
