1000
999996026
999996182
999995998
999996119
999996135
999995974
999996018
999996036
999995926
999996033
999996085
999996144
999995852
999996083
999996035
999996074
999995899
999995950
999995932
999995909
999995954
999995986
999996007
999996008
999996028
999996048
999996001
999995937
999995990
999996028
999995892
999995938
999996075
999996044
999996077
999996068
999995909
999996063
999996011
999995780
999996047
999995975
999995768
999996077
999995775
999996050
999995960
999995792
999996063
999995927
999996000
999995953
999995866
999995970
999996108
999995771
999996141
999996200
999996085
999995955
999996081
999996027
999995966
999996056
999996092
999995861
999995901
999996045
999996103
999996035
999996016
999996147
999996041
999995962
999996071
999995992
999995961
999995945
999996106
999995996
999996101
999995953
999995971
999995983
999996000
999995992
999995855
999995875
999996122
999996062
999996240
999996160
999996134
999996080
999996087
999995777
999995953
999996064
999995992
999995870
999995957
999995952
999996052
999996065
999995939
999996049
999995838
999996104
999996132
999996014
999996108
999996078
999996146
999996084
999996101
999995977
999996053
999996111
999995981
999996028
999996023
999995928
999996004
999995990
999995871
999996122
999995948
999995972
999995958
999996100
999995821
999996050
999995920
999995941
999996081
999996022
999995886
999995896
999996054
999996013
999996022
999995962
999995885
999996027
999996065
999996026
999995794
999995974
999996118
999995981
999996013
999995998
999995991
999995892
999996038
999996007
999995982
999996078
999995902
999996175
999995993
999996011
999996021
999995933
999995944
999996156
999996097
999996027
999995976
999996049
999995914
999995991
999995961
999996042
999995948
999995943
999995914
999995886
999996004
999995967
999995991
999995973
999995980
999995793
999996036
999995891
999996018
999996025
999995989
999995945
999995939
999996070
999995964
999995901
999995982
999995963
999995794
999995919
999995876
999995926
999995916
999995793
999995876
999995887
999995831
999995959
999996066
999995987
999995994
999995898
999995934
999995956
999996085
999995947
999996069
999996073
999995791
999995941
999996085
999995805
999996038
999995909
999996020
999995956
999995968
999996000
999996086
999996151
999996144
999995962
999996078
999996005
999996020
999995863
999996041
999995986
999995895
999996115
999995886
999996007
999995914
999996111
999995888
999996095
999995825
999995760
999995900
999995985
999996090
999996051
999995927
999996083
999996065
999996021
999995977
999995891
999996031
999995910
999995936
999995894
999996063
999995967
999995883
999995844
999995936
999995856
999995994
999996153
999995928
999996140
999995935
999996009
999995907
999995973
999995951
999995870
999996020
999996025
999996130
999996071
999995936
999995924
999995931
999996027
999995960
999995936
999996033
999995950
999996003
999996001
999995873
999996137
999996143
999996113
999995993
999995990
999996021
999995918
999995964
999996042
999996011
999996122
999995856
999995961
999995961
999996029
999995831
999995981
999995984
999995993
999995908
999995947
999996133
999995891
999995823
999995951
999996083
999996081
999996030
999996079
999996069
999995854
999996159
999995935
999996017
999996086
999995954
999995993
999995950
999995882
999995865
999995815
999996019
999996058
999995931
999995887
999995909
999995959
999995949
999995963
999995924
999996019
999995928
999996014
999995916
999995822
999996041
999996027
999995957
999995917
999996003
999995981
999995976
999995967
999995918
999996197
999996019
999995898
999995943
999995898
999995888
999996115
999996018
999996024
999995958
999995892
999995981
999995954
999995984
999996024
999996011
999996121
999995972
999995896
999996073
999995950
999996115
999996118
999995964
999995960
999996061
999996162
999995982
999995914
999996019
999996102
999995949
999996098
999996010
999995994
999995965
999995999
999996053
999996058
999996029
999995888
999996006
999996050
999996005
999995992
999996023
999995965
999995997
999995861
999995901
999995894
999995906
999995887
999996045
999996085
999996050
999996014
999996022
999996043
999996022
999995971
999995968
999995996
999996068
999995998
999996034
999995919
999996052
999996005
999995907
999995986
999995830
999995865
999995915
999996040
999996052
999995957
999996011
999996020
999996017
999996128
999996067
999995990
999996017
999995861
999996057
999996084
999995813
999995897
999995946
999995927
999996129
999996053
999995977
999995881
999995983
999996038
999996023
999995850
999995818
999995842
999996010
999996036
999996048
999995906
999995974
999996120
999995998
999996089
999995968
999995895
999995919
999996042
999995980
999995986
999996026
999996154
999995930
999996042
999996019
999995868
999995910
999995943
999996036
999996081
999996066
999996035
999995968
999996096
999996070
999996070
999996155
999996112
999995987
999996031
999996098
999995917
999995993
999995947
999995925
999995987
999996005
999996092
999995962
999996035
999996003
999995987
999995962
999995877
999996031
999996008
999995840
999995933
999995885
999995938
999995971
999996041
999995975
999995995
999996047
999995928
999995882
999995882
999995903
999996080
999995957
999996115
999996054
999996015
999995884
999995951
999996095
999996123
999996119
999995986
999995883
999996119
999995939
999995943
999995905
999995931
999996016
999996011
999996102
999995996
999995838
999995921
999996011
999995972
999995928
999995991
999996058
999996031
999995949
999995898
999995983
999996050
999996063
999995884
999995993
999995934
999995840
999996028
999996238
999995930
999995952
999996005
999995947
999996088
999995907
999996014
999995915
999995991
999996091
999995982
999995859
999996208
999995870
999996013
999995963
999996082
999996008
999996027
999995881
999995947
999995902
999996056
999996092
999995972
999995871
999996029
999995893
999996219
999996041
999995948
999995931
999995914
999996042
999996090
999996055
999996053
999995892
999995910
999995939
999995953
999995848
999996000
999996003
999995953
999996069
999996055
999995990
999995983
999995899
999996024
999995987
999996015
999996028
999995925
999996049
999996113
999995853
999996028
999995917
999995954
999996145
999995951
999995970
999995810
999996018
999996052
999995885
999995874
999995970
999995948
999996035
999995825
999996165
999995941
999995832
999995948
999996088
999996021
999995898
999995959
999996033
999996081
999995930
999995925
999995889
999995846
999996149
999996133
999995891
999996091
999996080
999996057
999995897
999995978
999996069
999995979
999995997
999995880
999996030
999996080
999995944
999996059
999995940
999995970
999995860
999995941
999995891
999995937
999996089
999995998
999995783
999995795
999995958
999996055
999996103
999996068
999996001
999996045
999996069
999996107
999996008
999996029
999995945
999996063
999995962
999996052
999995800
999995873
999996024
999995890
999995899
999995996
999995863
999995925
999996009
999995968
999995975
999996006
999996066
999996057
999996098
999995945
999996057
999995979
999996075
999996073
999995828
999996009
999995968
999996110
999996014
999996072
999996106
999995928
999995934
999996053
999995960
999995893
999995956
999995924
999996065
999996051
999996028
999995921
999996092
999995992
999995923
999995924
999995830
999996016
999995956
999995802
999996010
999996130
999995984
999995873
999995959
999996078
999995929
999995932
999996143
999995883
999996023
999996180
999995941
999995911
999995939
999995917
999995898
999995939
999996020
999995861
999996084
999995919
999996013
999996088
999996135
999995846
999996025
999996021
999996134
999996112
999996042
999996071
999995992
999996034
999995985
999996093
999996003
999996088
999996086
999996041
999995842
999996067
999996059
999995985
999995987
999996082
999996022
999995932
999996128
999995788
999996211
999996090
999995970
999995949
999996076
999996012
999995873
999996023
999996022
999995978
999996139
999996248
999996097
999996066
999995950
999995979
999995985
999996013
999996030
999995920
999996116
999996061
999996061
999996017
999996036
999996157
999996050
999996155
999996070
999995811
999995831
999996177
999996038
999995990
999995983
999996029
999995912
999995883
999995904
999996083
999995983
999995869
999995834
999996106
999995765
999995902
999995852
999996065
999995987
999996072
999996190
999996098
999995880
999995906
999996134
999996028
999996147
999996127
999996025
999995900
999996015
999996009
999995982
999996204
999996407
999995963
999996002
999995963
999996069
999995921
999995930
999995918
999995893
999995803
999996176
999996103
999996047
999996083
999996020
999995926
999995842
999995840
999996053
999995977
999996015
999996087
999996189
999995911
999995997
999996028
999996024
999995924
999995895
999995997
999996016
999996061
999996046
999995947
999996086
999995995
999995906
999995983
999995994
999996017
999995971
999996052
999996016
999995935
999996114
999995765
999995932
999995899
999996093
999995950
999995990
999996028
999995978
999996031
999995899
999995910
999995990
999996001
999995819
999996086
999996073
999995898
999996081
999995877
999996094
999995861
999995874
999996108
999995970
999995983
999995946
999996011
999995945
999996037
999996052
999995864
999996125
999995888
999996019
999996123
999995997
999996074
999995993
999996179
999995949
999995986
999996006
999996077
999996129
999995939
999996109
999995910
999995954
999995861
999995959
999995973
999995972
999995931
999995984
999996050
999995866
999996008
999996010
999996094
999995872
999996027
999995934
999996143
999996098
999995958
999996040
999995956
999995957
999995951
999995953
999996157
999996163
999995836
999996193
999996191
999995914
999995903
999995965
999995836
999996095
999995785
999996023
999996034
999996019
999996183
999995906
999996090
999995980
999996012
999996057
999995838
999996056
999996036
999995813
999995891
999996141
999996040
999995841
999995908
999996007
999995847
999995993
999995946
999995892
999996012
999995888
999995827
999995899
999996083
