1000
316394655
128747249
983035722
221700389
38822877
247939895
143305026
113092876
404707224
717896318
209667767
548237492
349807367
210562653
655288799
662282562
128919278
975801237
55576842
518817587
579965395
864731984
195924388
755002611
959928674
588087595
736657820
238308611
199358873
982156277
473269894
631668724
106765875
860799900
986282396
414780048
535531476
49137111
150750212
392585678
269650770
256826503
766819377
440298660
438463182
718991336
914484304
56185962
431039893
901422061
517963238
727707233
8550252
679607251
170715579
787390609
280414326
258444173
518708895
20861213
950579114
609688075
12739772
235357994
931220712
879020396
934527224
91032116
943416499
363975056
747527847
942066290
479079512
842385553
622690719
239596245
337344716
803218596
601019525
226449127
761809191
26199739
549533446
457346898
182944956
813329309
441862581
913706537
441079321
831656794
682094019
527921588
18495602
367902382
459065162
144757386
438786550
836146549
129995835
910154882
53441720
101476304
734610254
65782042
97780368
38528792
240039371
939962450
950061028
797961186
761215434
418136922
268612628
413221841
405641522
475321506
654382697
319097829
161258452
570449460
174828826
131766497
203499423
68799143
334774314
405324823
325053402
179358535
116340486
913651319
894398999
353711277
960732597
938130175
167811962
62600383
886445663
241712292
750263141
334430408
938609795
177521025
429714455
220090352
281483610
446036305
500929474
738958799
123264675
459185909
900275782
129935789
801014234
301756991
689663238
222567109
175442184
307401775
772058137
746239240
840307550
831458577
64575689
100355667
389213472
204369632
768898042
839356479
488851297
531641178
482328667
323173433
858687391
342592356
490246232
413722952
288191134
352687273
31022545
254594828
747515257
359342136
164284784
659605454
585970084
97468848
310617520
158249916
468961042
756566670
677007799
988445852
905726639
53922562
260206663
857210098
368080249
259280568
74468578
102563330
836313862
333061598
797892702
785265937
212307386
116796874
744034114
105694339
557932745
756544819
847423599
136733989
537116540
959383498
255833280
132599029
322901812
602903719
207337453
750259425
326054782
631465897
880500877
621363614
468988415
250006538
203271006
966364755
776099581
466456629
347621251
522709225
611964493
637928971
132583984
514621118
659971626
264960171
722461633
624440656
873722543
973433207
355440823
904915048
541580945
270661214
717620143
564865563
458867120
349588781
803271731
958408902
121647992
890396225
177015120
547431380
888174133
812625354
142810311
453117998
888192903
557114080
297586744
507865155
132941730
169521306
57094928
31179215
941329153
457234425
830324959
399515472
915038946
916303857
946255542
918301683
312585690
323643565
233477516
492556064
527186330
621634206
53843854
259520981
971699408
276715727
231170912
305707258
400443907
849845278
795512181
945128287
45460193
669666308
548778401
898774738
766340688
314338328
761929987
673114854
709070130
839552177
230980120
503532464
903556729
776057236
111978747
752276281
694433033
21165452
655177949
634431834
685039556
228417042
632700948
513254177
251753386
231541480
87881366
514774380
517321254
80545997
430386761
334173225
765451237
308608262
995294475
449766348
610809542
125364461
544806182
781803274
503151705
515646169
990853914
180938138
45253900
425251406
184173829
787395937
319880313
934330249
252045314
832631483
209353611
48993463
375376535
649381672
893354591
326907426
108428511
965683144
673433586
741133046
248494510
9754152
160539467
484126833
186635814
936725331
22663449
777649060
462126262
377668233
655789633
277276473
868769063
998245933
80724471
764902921
240516824
771918041
296376964
904018975
376667015
243919546
334993685
291329858
379370614
642106012
629866908
144657110
259180004
642350164
314082474
820054135
376300779
864071960
884234245
949482993
885272936
835038885
637205972
910711471
878201045
143438510
758325474
189113823
520564025
502347893
143992261
631241320
950694965
697832757
742807837
845175367
773309783
875820806
181637125
497489348
698960456
691318293
113890436
329367459
461062792
5332004
67765732
464368534
683395460
287235342
396065274
436944353
254761010
484419061
312271559
682342478
123657767
53143496
49574219
591892549
912421320
415645115
592692051
786619374
498411002
696072456
930019062
185041875
785218450
704688383
887081886
534780461
347152155
411174629
814042968
241895010
892431119
949783776
243252353
936390382
904313680
100199119
101631581
298424659
538581904
409587695
223698495
47667744
830547757
942803230
287027878
914683230
975277005
322204552
842134783
885189138
780029217
212656504
487272238
209082799
13922033
852190434
407764955
177929874
234629677
65002916
19730512
599462159
855793193
895561656
40621295
499876913
244977228
169580847
243338940
99553256
412492801
471891078
754972510
764023984
223467947
227763122
728998020
778210929
593566267
859338887
380107102
48120630
527887184
629711034
162853749
766014598
834875294
333761259
986425420
548300264
775527830
319299072
764593681
75808798
992310944
53125837
555608463
878745945
759110716
438587462
469621532
328701453
685387048
335682086
863313636
5179155
854066258
482208720
441475297
985285011
288725927
840419716
705073649
43945254
337805105
24859018
733309354
194480692
491985625
950094468
332977742
83651165
492968044
650825251
241447488
229135499
577924498
607432588
829346812
573580273
913552560
379710922
672064143
970877641
549873849
623942695
393579470
437211497
49787763
307796504
712632064
188692346
403297314
160455255
623543632
38153773
654904378
621394868
492621962
673270511
325687235
178310179
475964020
16464605
863287300
558471543
667911118
763269131
724350998
397643701
791589786
475062263
633806648
337324044
974473465
446690860
740542268
786683083
127136260
976686145
851431233
303054778
104838043
601801111
669785988
458533589
412166320
314821406
192337363
710291221
390190064
196139335
95292119
69999888
980547398
631177901
604664520
342711743
855412210
257629615
848717204
476083700
249184906
376153955
113196844
904685194
867162141
577166624
666768382
418439939
760494131
138906093
71392689
875207109
462752365
511903736
536077768
149608153
540016265
208983013
895959773
42217440
223941442
685673881
816616716
601934101
365336043
97351676
92690492
718513221
109826009
860377640
329771724
917171492
117510552
171813317
673101145
493828846
585668996
375896999
436510890
249929260
185926863
865714442
67342902
868880051
422522420
4280200
208681620
494504512
342831942
139847572
892410802
406142433
884576168
153721827
685298744
153231735
175844396
111765447
138548331
38104658
480557668
594764186
534984994
935947319
899792921
579118193
281566048
676093529
437703336
953205865
397467776
132155287
680306979
423706141
149486406
130316120
758031055
755220925
243428950
653030161
248373073
81092844
477163029
984995771
924347818
255212706
83265245
574114876
909164496
290704060
514403345
314520017
573130833
565382619
705351662
296540232
299484161
300226836
280859965
729201806
952376572
581550798
931661502
440193442
949021507
384157842
636439653
723516163
822169213
758545081
698324323
910484067
743564983
364605198
36035300
451375141
965655030
536802896
780793998
387249469
359936289
26587733
615249721
140986374
831319283
571823001
730508991
641796345
529757739
469540420
769507497
518987102
103171788
565624919
844842618
173691290
633362531
285794004
760543781
822956119
752922819
347051690
718468877
350982435
784380103
42007896
867152658
779097447
813258701
283251146
833524516
191663453
291026539
727442796
494251700
231208407
686612027
711730005
204636649
966757972
470642359
22226592
794885481
817205105
84740235
798274559
748017536
850602651
787741610
764505415
439716873
926783898
62847963
684967797
248221976
841643857
410700502
549426408
300457208
778516444
979452051
467205166
988988241
90283578
534288035
463845155
744964061
948205832
849232355
766431233
604122324
887160135
227754197
105631862
802218409
324111587
255908499
947981603
469616219
514059102
624702091
957362119
182774132
952936573
580501984
802294681
368742511
301821097
711053354
526570017
370112039
894939095
267774119
648634751
672341012
525943033
253946965
216253751
988748199
973102905
331130350
99248016
911861813
581841543
75167886
876654164
948845903
927003787
186814995
517264236
122064942
56640975
294512545
561408400
697496979
768328916
498108868
2838592
481451299
530053754
28562965
438271093
90637315
661290409
687759888
390076876
511927751
879160578
534978813
547729341
366487576
871664013
222821525
426709581
946988271
820413869
318047879
656247999
220915128
102098387
767033516
949139865
708120561
957885252
877484706
669601180
691385484
61486899
254530191
840897594
535703427
58483211
555512504
341685267
771649278
624934332
541964476
381139414
906123249
81129115
582555879
812242740
386683459
983313822
207122673
849360120
656972753
356792097
924195993
226111182
116804602
969985631
214320720
498775472
944476496
167378546
892249906
727064953
811597606
319153019
292899228
923766245
577039385
746606575
239312331
616728254
491613079
508630518
947001158
331749258
544188074
525380774
731537821
960571072
778508582
382091139
605258303
271274528
434891362
231215073
637713259
103022938
757856091
78846408
298313111
78698058
127403273
561423202
135807873
47882299
462841327
158030993
693605669
126425154
306733159
8525359
456538980
265783294
541926750
59295161
731530707
839961917
386763620
571937798
851691831
705476601
835797183
566836211
578642282
764805346
876091927
401696246
254880158
142059073
839432404
797018253
195857650
667752234
317954031
765638106
682040492
212981345
555307053
855442261
970883422
103355065
618294122
646462922
837471519
895420834
190850065
203144805
842130697
431344686
526794042
664899256
300115977
848942248
796793005
908552152
621727853
269866951
511114679
859955114
834981109
721043850
496953611
574677710
187591450
906086706
991792755
962590126
