1000
296993710
96981478
282900184
318713185
124943291
254487893
215521546
75165472
166290736
222600486
258896142
11583720
169540613
64772301
13514340
151746732
320901221
161689425
195056974
26771264
105540560
127002619
191517504
69244904
57275060
16281562
314980653
145246978
169508436
295770984
20271510
242035394
191324442
306164155
280293847
135819117
187398848
167513462
275660359
73653153
102161975
244416492
227298328
295256152
213655280
277751864
306260686
233765905
299535693
234699038
218932308
46077464
170409392
67442992
49520403
116673802
124878937
4215187
279650307
182057466
120245449
80024199
107052879
252557273
287051017
278845882
196923240
141514446
24776290
84335917
232189232
238656809
49745642
293647302
235728702
314337113
288112858
128450584
192193221
245381802
75905543
122594370
219350609
224852876
299728755
79380659
18180005
24100573
210308872
114743182
31243867
4890904
316557326
37872329
188975521
254294831
144893031
298956507
65448018
7851188
181993112
86041298
19145315
73073967
141063968
82501828
170634631
73942746
56181042
195056974
239622119
72559135
268903189
14029172
4633488
62359026
203809118
139390764
48909040
231706577
256193274
234795569
203069047
15959792
60943238
24293635
124685875
15155367
112683854
224563283
310861997
128965416
47782845
224016274
4022125
56438458
119601909
160337991
94922150
315495485
80603385
220508981
111171535
29538486
274019332
132665771
133791966
29345424
127034796
292842877
39835126
207284234
164199231
45723517
311891661
84335917
263529630
281677458
233894613
140452605
20593280
212754324
71272055
157377707
298023374
25548538
61586778
297508542
114936244
146019226
246990652
67185576
244834793
227684452
245542687
223179672
193962956
114678828
189940831
13449986
142930234
173369676
165228895
128868885
240877022
97657195
236307888
261663364
253522583
52866811
151296254
66477682
1673204
77256977
194284726
55666210
130059434
271734765
317104335
277494448
241102261
52577218
16860748
102805515
303107340
295577922
82019173
27446981
86266537
186143945
206608517
137299259
26159901
166869922
137717560
248181201
144571261
24197104
254327008
52512864
194896089
244834793
24840644
214234466
31211690
146244465
90127777
299149569
142608464
319646318
115611961
240555252
86813546
10135755
251302370
136366126
80989509
11036711
46302703
12195083
207412942
241198792
136655719
320547274
44758207
125683362
12420322
230709090
220348096
71626002
246829767
243612067
288209389
100134824
21268997
163008682
295127444
201588905
229164594
172661782
181188687
256354159
227877514
119505378
105476206
37807975
17568642
278781528
268002233
302142030
149944820
287565849
74843702
272603544
209697509
141257030
140291720
133791966
9363507
73878392
219028839
78029225
98719036
94922150
44919092
306936403
233444135
88132803
80925155
113391748
156476751
96949301
301080189
178807589
5663152
159565743
95115212
82887952
129641133
26546025
202650746
300243587
184631626
186562246
293776010
78737119
56921113
30729035
197824196
164392293
190713079
273987155
260151045
89419883
23907511
303364756
20239333
208249544
14093526
169637144
295706630
224402398
54346953
91318326
116545094
91060910
108500844
61683309
211885545
94342964
117896528
109208738
82791421
49134279
124878937
49874350
36166948
92959353
4890904
245735749
132183116
96820593
179193713
290590487
238688986
121789945
294065603
103223816
154900078
73331383
45530455
179612014
4183010
263111329
121210759
21333351
311473360
256611575
261534656
309027908
225592947
283704609
186465715
1737558
255163610
43728543
261405948
201910675
204130888
200076586
208732199
188492866
181510457
44565145
104897020
70306745
158793495
208153013
71497294
7529418
237241021
90063423
185146458
118733130
91672273
113906580
278749351
57049821
236565304
59591804
136945312
167062984
9781808
58240370
320450743
227941868
124106689
43857251
235439109
80056376
74007100
193512478
289110345
49456049
7561595
11712428
66445505
105444029
282449706
268163118
154063476
81729580
199465223
43052826
125522477
175075057
203776941
109530508
135851294
293647302
255646265
145504394
302689039
212915209
165100187
8913029
27221742
313822281
99941762
221184698
51644085
39899480
271895650
230516028
304812721
58465609
132569240
68987488
165100187
280615617
157635123
134789453
286890132
18566129
255034902
298345144
288627690
221506468
58240370
295513568
120502865
180126846
24132750
121435998
141063968
80442500
10393171
311891661
313918812
224852876
262467789
249886582
116094616
237466260
309478386
161078062
67089045
159630097
318681008
196794532
171503410
234538153
224949407
56599343
184406387
9331330
269771968
90867848
24197104
5277028
247248068
115161483
307676474
8012073
50196120
116126793
26739087
312374316
154385246
149462165
643540
4923081
60396229
22910024
257963009
50968368
33464080
237337552
251913733
194445611
297315480
192965469
126391256
270737278
97464133
115193660
274019332
169862383
56116688
290107832
217580874
129126301
77803986
300983658
30342911
202039383
61200654
131829169
316396441
268645773
71819064
91640096
99555638
44661676
148046377
65544549
1641027
31533460
34590275
112941270
265621135
25098060
291298381
292424576
179933784
249210865
11358481
175654243
68183063
75326357
255839327
228842824
60878884
309092262
62906035
199336515
166805568
150459652
223211849
315398954
254005238
155994096
187012724
210727173
60750176
66413328
112362084
140677844
208667845
120856812
196665824
69824090
176973500
293711656
239235995
247151537
290687018
163137390
219543671
179097182
276657846
103223816
67829116
259797098
155543618
311730776
177005677
155157494
304040473
144249491
236854897
196344054
288434628
4086479
276722200
185983060
41958808
23746626
76709968
210630642
103770825
241681447
107986012
194928266
128032283
189522530
29281070
284026379
246186227
218642715
135529524
136205241
49423872
190906141
234345091
40639551
290687018
311441183
255614088
110045340
118668776
28283583
162172080
46399234
258863965
92090574
24261458
45980933
176169075
139873419
41379622
125522477
13482163
93602893
151778909
143348535
125458123
96177053
313918812
264044462
11390658
215618077
279553776
272796606
73685330
176072544
46013110
299825286
237788030
276625669
259217912
49616934
25773777
250272706
60331875
318713185
301112366
30696858
208860907
179097182
3314231
288692044
132762302
57468122
231577869
281098272
92734114
315431131
14608358
180480793
35491231
124364105
195636160
94729088
167899586
112040314
18405244
222664840
263980108
219640202
183891555
25612892
279779015
5309205
215038891
260665877
241070084
153452113
19241846
3989948
48040261
83660200
182379236
162815620
296317993
125554654
75390711
211016766
261985134
222182185
317007804
106505870
133534550
18727014
174367163
84464625
27350450
61972902
260730231
62165964
234988631
158343017
265235011
140066481
143959898
214170112
161303301
155865388
233186719
102033267
65094071
2413275
154417423
249500458
147821138
122401308
24197104
265428073
67314284
169604967
46881889
47203659
194542142
236694012
22716962
101679320
101582789
194670850
53413820
61232831
40864790
71786887
175847305
135690409
86942254
21397705
152100679
69695382
202007206
74682817
283768963
20078448
268130941
38998524
88872874
40253427
106023215
58433432
42055339
183473254
24583228
114968421
30149849
209343562
264269701
223694504
273279261
88711989
125586831
316911273
12613384
192836761
215778962
163459160
146984536
35008576
317780052
159404858
220927282
195056974
289432115
306003270
320579451
10328817
74167985
134757276
211209828
193866425
244352138
29506309
151231900
88036272
113263040
69631028
118990546
264494940
3603824
287340610
318906247
281355688
261438125
18180005
262821736
64675770
166805568
246089696
43599835
309832333
309800156
246218404
175042880
117413873
154481777
237466260
252074618
52255448
37582736
237144490
33785850
66284620
289689531
288080681
166129851
146373173
11487189
71979949
259829275
139101171
191420973
203036870
78447526
85655174
269514552
119666263
107825127
279618130
11712428
245542687
169540613
290011301
183087130
264301878
307258173
253554760
224434575
269965030
161689425
300758419
288563336
201814144
122079538
297090241
182861891
304394420
130316850
298570383
187141432
73460091
240877022
246379289
214878006
161560717
222021300
232446648
130960390
220122857
310025395
176941323
191742743
11969844
37389674
159276150
965310
47621960
287308433
22684785
155640149
56631520
16217208
167996117
62198141
90996556
250819715
242743288
221055990
176297783
261019824
320257681
283640255
173434030
22620431
268356180
178517996
37421851
242035394
86717015
15219721
62294672
249500458
170892047
301305428
227780983
212046430
138940286
21236820
35555585
46914066
250497945
114131819
70049329
288466805
100038293
97914611
2831576
125071999
201106250
293132470
241938863
214652767
14769243
220315919
23457033
201428020
230644736
309156616
8591259
67925647
9813985
189844300
154256538
90932202
23875334
307097288
285667406
112941270
133791966
181220864
39062878
223984097
193319416
181478280
252750335
51418846
65222779
5502267
43052826
51451023
171567764
157152468
97528487
307966067
248052493
101067957
178968474
210147987
232189232
8623436
163105213
179483306
178517996
262339081
95694398
128321876
221956946
16056323
272249597
11294127
146920182
96917124
40768259
206286747
318423592
76613437
210276695
199819170
175203765
287308433
126616495
38837639
28347937
67249930
254037415
249532635
243419005
206737225
112973447
271123402
257930832
75229826
183151484
224370221
136140887
80667739
212947386
304008296
26578202
17986943
320257681
234473799
195829222
310475873
62552088
32949248
10232286
188557220
108886968
107953835
224080628
155640149
58401255
