1000
455648938
470728858
532416041
506328578
428063977
464523775
507346460
469898708
505753448
325939470
454980841
604889093
420649768
478650314
626586555
552871900
456634256
542597135
408243707
479095610
506773431
533847734
524047455
433694184
504483391
586946296
422847737
468787306
535310465
516604063
448425215
332366101
455329614
567633417
540177627
576128634
344773547
398062110
412253428
426631000
446168396
445051715
448075860
552839373
421637395
480207576
546096709
514853618
349705055
459561880
571165809
458954906
491343990
438595868
507124221
479793269
519372606
491121836
433566576
409388630
539066324
500538780
500698713
549944158
418934296
517525365
412984018
494268228
462839471
466082053
581505007
347064699
373024591
491120954
460070085
511098409
438340443
332079905
397012832
485426360
455457702
392399444
444956445
456698934
464841338
560284046
409547564
413491688
397171347
377224166
491787796
488828390
398349294
410184448
490262409
422211504
468594986
562448577
410885043
561716191
616978769
515712567
444609487
497005566
457204346
425169244
579946575
452846138
543454385
552967622
529805511
570752709
526719352
606352864
392972003
606161713
401881131
496813409
491629659
482943503
569098753
541673788
394595203
446324507
393927133
376014955
419666060
481924895
430512436
376428960
357658611
546508448
380659934
576002198
435507846
458668697
575206407
609247926
421191118
419059707
426949097
441873075
560508042
508683727
503845312
417278107
580359387
478174158
443079357
432962747
521344304
523922672
404744510
439325409
560698959
536043831
457968946
526338123
475691494
446645320
408689048
442222915
469297256
498025974
465252937
405189502
505245197
530823286
449698720
424500981
546190256
472668670
365357027
396727944
383618739
425296070
407638085
378846165
576320546
361222239
322121841
460705804
554782018
489911248
391573688
562512143
419727666
398825585
535850411
437194702
539192418
492583162
406590576
419154596
391095476
477948542
471809191
436781100
466049562
453609756
565407662
397775556
476041762
436399082
571579368
502827550
591367497
446199077
520166768
450365592
528821304
557834848
483737568
562767180
518702388
493156010
556148021
549690494
474161227
471840660
450397942
590254306
593530798
484853487
349959421
472061523
494491404
431978627
520645178
512880712
427745329
566297314
418011343
549212372
391031475
623309725
484819349
445624211
406653768
444446699
527548726
403917969
479955598
408848922
578100963
458381785
480273548
397871505
480365091
481287516
511384358
519179066
456444724
466434028
388550550
427139944
599862962
432230338
439485775
465511185
496498725
506390006
512595697
415212295
514152439
503146702
395485829
438944414
538556456
377223888
436273379
370321578
454883621
372228863
471683703
437321004
497484177
435349315
549978100
501843851
354286776
381264618
336374490
537315574
453291818
531652815
464492578
475816710
510241751
463759698
548194488
473811974
506835106
604252676
373724597
500504924
353268540
410057369
490485646
450176058
429877519
404393237
474671355
426026824
368571543
612524228
439740109
351422957
605938987
478584579
502889889
489974460
472506608
547558817
480366778
559234607
518798841
521281915
430356015
464745606
465730802
487238379
349705247
473081250
438054346
523729682
529137773
504099076
552045732
470534545
446263875
438466904
399080357
576669660
535754602
395835130
329598324
355113634
587231787
579119536
505118083
518164091
501459797
438688772
407002089
500824500
358930839
430100843
428508227
438753463
565884272
534547267
446547774
455139325
468658273
500571095
482528647
449157333
541420390
440886586
344455693
596872213
398093706
604284884
435796637
498499577
471076394
580392100
419507445
511292492
430991488
418266383
446072586
613287806
568143669
550932880
464937109
517080635
422498042
416229681
561876429
560953161
582205998
479315477
353999592
591272049
518098961
371880485
402357557
520518507
503974479
413843666
462741898
420938429
474419984
503464430
494747170
500473627
470920345
502415361
466050160
419698342
536741741
444991306
548321601
462520755
606034322
381136752
398635648
581187677
427014557
466655246
436813245
385018038
414226120
483676061
490262476
511703154
575619723
571420643
587295076
473272041
479761115
546382283
436655448
576032534
536869029
347509560
427299076
427076865
490865024
372611298
504162793
557772288
443111284
467353020
590763195
477823845
440567185
432803983
463664532
351645241
470251448
447055846
382251719
443781336
423451473
447471071
494778484
565566029
391286828
513518325
509858552
343724202
418774917
479983108
447724319
458480345
600148789
387341271
504354995
501174973
423896372
472920673
530760262
468690745
462390629
479510142
440502593
411583022
423832825
471202168
522520340
513866342
394244937
523571748
551313633
435795847
444385160
551058903
560953140
421607035
488863073
526720872
570466644
431499828
420491656
535183223
410629672
490803451
381837303
535344137
437767549
342101337
492805796
394467417
513867368
516350589
403948599
461852555
516983851
569289116
517145303
456538994
477633315
401086307
376970891
549150323
567602869
410343150
450714139
552204865
474545391
473559452
398094830
609947424
526435943
440694008
546192532
428539965
420778177
369175304
445879733
496498915
346619396
488827885
488544552
522202799
532352746
496785604
382728524
442062143
564833540
522265217
330425588
426920387
414162629
451827660
386164382
495669822
519179512
479192398
505724519
523062569
505213547
382983089
576573549
528598855
581028311
478619254
492680282
334052269
418933663
366853440
490708666
489722722
470028661
567633800
435762574
425711332
510718418
459784935
420301454
475053552
486952986
501365166
345409929
603839029
437226297
491247911
346205394
539924251
491599664
450112430
454724668
416324693
518544847
492234799
500854118
512689547
418232805
368697658
494144983
377319156
465985227
482977075
509956361
518766341
518034136
429942108
472541005
531557413
432103127
430515295
619301063
450812372
417439188
464171504
335356857
364944596
429815164
605684057
576892227
458448525
468118260
505629570
370829576
473526903
415244238
391477924
490769676
506743113
562894451
509097053
442986991
565947268
488764272
516570558
472730621
377829008
521375104
538047535
467515217
519086514
394786381
441553502
492329362
488415179
388072546
421668808
494653111
593976257
453705333
438276856
466875664
401848469
573042982
405124749
422845795
435287480
472157435
535280074
497705944
587932265
404108106
479314873
529233675
565598886
525256298
480051420
474798800
534165313
551727960
466115950
536425127
358772039
372674701
618855584
420078381
424120484
482309252
452212933
465925506
394658609
567507564
492585839
348082736
379165707
449379495
560666890
421034691
551218704
476801884
378784267
457714565
474449607
479572070
578674104
439741673
473879052
599417315
439963444
515489786
506107030
452750431
520038150
485901492
406493216
471460662
556530168
490991359
458448193
494937119
503558173
417659805
563115577
446071098
530729151
422845025
415975541
502860624
427077878
402486285
614751498
431912979
537060013
484247070
396280186
393259157
488891455
385401884
375919452
507536288
434998532
400863946
473050084
352059647
579978658
506549820
384160535
547367672
538207251
483323572
488286781
501427918
431277067
498945006
467767815
532989253
453040225
538777477
510465114
533274123
453036781
513708787
612111281
556403329
535629559
471395009
495700386
381870292
505087277
375665449
461692656
486157102
479827955
466273973
620064794
530349231
583383276
600307963
472542890
426633075
559712871
410723950
434840885
468246789
541897287
374614881
515586303
449540144
363734692
577592241
525671514
438434375
501968219
533562135
515458785
417468668
472985647
579214990
468022704
573011541
584973337
589332526
512342572
464143084
598653538
441456575
472892848
443810671
442983859
505470705
485936871
502733396
488418011
546987412
565535357
393544484
400353549
565152436
375760626
453866835
472888523
615896714
394372659
520391303
499326828
454917542
489372245
371942944
480047579
466371035
582491295
382283300
364498941
407542381
345728277
590699420
545586460
396823215
532162500
503211275
464523820
562830133
477760610
458318828
416419030
514217657
415687539
439642983
446165421
517334210
420619945
484026660
492104736
537346065
473715613
330266360
501077196
533306150
477251712
579596919
405411744
506199273
498404347
465062294
446740359
390109404
470697494
435031826
536900413
476551771
474448618
491564221
513263894
453418149
377256670
444988928
389569500
603297929
625568567
444513627
489244329
499708314
377574795
533686748
538651150
385624135
490420787
476802638
411266198
563371949
598908363
518798716
489211033
532541662
389155377
450301993
457969051
515171979
481639642
407892917
456730273
452432548
373025170
409071712
484406256
568844200
612206165
478107890
574920425
510211071
521439959
385686400
506074459
407033622
492996935
369429873
490419780
568175521
380055755
491885237
423481722
450049505
441202721
623564324
402611302
423738586
596267084
491024124
477790999
467512368
489213070
373184722
421382445
507569146
419093511
323457957
454119993
562576169
590955019
387882342
490168045
442858848
540146092
403948304
407575007
464458172
591367910
519882031
447981118
406620507
445210602
498532335
379579480
470792543
398380333
454722962
516221876
421382286
459784411
486603772
534897216
493603725
437575709
563975992
415147880
419473079
395454405
443303055
460449082
473146612
546668898
383332725
536805632
509924682
468722186
542436237
633903889
562702142
479923193
497294558
512118544
412316461
429814073
462072530
585990797
494303625
552873528
477950701
476453166
496304407
467004674
449412502
459558631
445371763
544091366
574855986
467516112
537441605
489879792
483325019
434966790
437672274
518004349
438022678
522904069
431084890
392590168
448331345
465698732
569924294
432231408
527453466
448774694
577719371
352950462
355176877
363479981
458256301
565724390
466718718
400736313
381645902
464746071
485839503
522393594
100
200
