1000
117816094
86710078
90173540
102851063
101262401
110031468
79878425
87790125
81912187
64945047
89093093
101198424
90109580
106091452
87758247
104566582
95256921
91952322
95193023
83119191
84549414
90077695
92524202
88425680
79020915
106917919
82516054
90236601
99164774
80513939
76764925
103041095
71998869
69012091
96814152
85756806
107267043
117689093
94430539
102786914
98021172
118451681
86487610
113240582
95670301
121406501
92079770
95764911
80863415
87027919
87599454
88743579
90713164
108379583
119277771
98878760
104312221
91539111
96495765
105901322
90491178
112096735
106822427
88266543
115941428
73905300
98593351
95225415
120199108
113399539
95288346
113176994
76828236
72125876
110095041
103962823
96241830
90967841
96782470
82928840
81022422
91285236
78639376
101103538
106186912
101103262
104249195
68821450
91571527
81816974
103962927
86455409
78003824
96496272
101993300
79592511
88203333
93064588
86232995
77050646
68217715
90014487
80958717
114225777
107267346
106886039
89950695
97100043
73873384
65548760
93318863
98561066
105361023
101071319
102151737
101897835
102342070
88298305
121629013
83659758
106917702
96241533
112636895
95066562
113399762
72221215
104343825
90141111
101325297
118483464
110381363
101198290
120072129
81911936
120040219
92619513
66215958
97354114
87090874
102819259
90840042
87345280
83945474
98084800
120771038
125886623
124679198
86614599
86455806
85661014
112605082
93096531
77559204
86391957
74667812
73047307
117784430
82674525
78512239
121088849
78321693
114829392
91793662
86996142
70283007
123026956
90268114
82611311
94716969
76320123
89664823
99196894
94685377
94177077
104407560
103041825
105233848
76192701
85438882
112891309
93573149
88393897
100658212
124139083
87027284
85025549
91920643
98434201
124869839
78512386
115623901
99006010
93350892
79115847
88044291
114352835
96082885
108506601
93763398
113622013
104280332
90999007
76097591
99164894
83119212
112382917
112922804
80323244
116068565
76002134
78956920
106568143
86519537
93445433
88394129
92969597
78798466
96083245
84739993
96464304
98847006
102850500
71140922
94780060
106346032
99419164
123344779
70568919
100340436
94049324
75048878
95384386
99038380
84104626
92461129
97449473
99038076
118832941
82992555
103550199
115401283
68789565
113876380
99831918
81149269
124170844
92397566
85057832
104471189
66311257
105424766
94812153
98688158
97322228
96305464
116354680
93858985
96464275
73746224
112541887
119690823
102183581
111397856
119023619
89442311
80164361
95447938
93350100
95320492
97353666
98306757
93413809
86169941
104566818
94875743
97322627
85026006
120389777
107775529
108887610
81435387
88171381
96749850
95891950
93954285
97703708
86169405
83691300
108887640
97322382
80482278
107521218
115814576
77622520
89537894
91380645
101770541
96941324
77050614
109586703
101770697
64817959
112923206
97481556
89442387
89982835
124615648
123344707
101992765
107203708
105837700
92556230
94526299
100944676
84867061
92747061
93255405
98370720
80100791
102755740
90459343
89664467
99927830
83056054
73682701
92493024
75144304
95225562
112922939
82102621
97290362
96622781
71585819
97608176
102660410
72189257
95415577
87726633
109809144
99832616
108569856
95256890
67486929
82896956
80990902
88425782
80260090
76987381
94303700
77432179
97354144
102469708
88012700
88234777
67582189
108982864
78480744
116862864
98211877
82229609
98084438
91634641
122709267
82960848
84581301
109555237
97671501
98783593
85184945
105106895
77273247
74540660
93350283
91762172
96687144
95384288
105265642
97894088
98656549
73047333
122137393
108125257
96814268
92842043
95638344
106473091
75621119
113113626
101008105
99355655
86010757
93350463
71204445
105043045
77972255
83532838
92111277
96305826
101420968
88139492
93223007
112287432
98815738
90141565
86487364
111620192
92015942
93509598
100881192
109141954
69520425
75430367
92429382
112001606
94399545
103899533
93636146
70441747
82166360
88489261
101992673
98942272
119881446
73873350
106187248
115973238
84549085
104121886
91634858
119023553
94621635
83341966
119436583
106060223
108919329
103200573
111556733
93413756
117148991
89156541
93477822
118292842
79147810
106917747
101040134
88457047
123598886
82229615
112986552
73682761
86455571
90681695
80323406
84327140
97163562
99228862
91475474
89886935
87440766
92207112
109078627
111715672
96051436
90173059
93255411
71458669
98879471
100563195
103073083
89760192
91444004
119817812
105773678
112001362
89855778
64563767
87821973
84008934
103867936
123725973
90554243
67073833
96019178
77209650
96560046
86455774
106663663
93954198
114479751
102469868
108919672
80450316
102152021
122137386
101357134
111429653
119976633
96274057
78321881
110762634
72729596
108887670
109650475
95034884
86296808
91952574
74063942
95003095
105805560
114003483
72793129
108284383
95193105
87695008
94304060
82452304
88362249
95606378
110222041
104788820
112446304
87282147
83119508
83278619
73841561
98370731
90459371
110253900
90617743
99356098
88489533
100467747
91158317
67741046
74731308
93763178
83850368
84358793
95479577
85756951
95225068
68916674
88139593
92651479
76097546
109110182
105424416
84422116
112573503
103581974
77336810
80895504
97894395
85947483
86455908
90046475
96813414
66946792
97766866
103613195
68090676
101865620
90014196
96877827
111620395
78448805
94875522
101516173
124139064
86264719
73015377
96877273
96528187
91222052
92016425
105011462
95733952
95542732
102119841
106091957
93064295
112954855
88393549
97481049
97449337
106441171
112923149
85470515
91348487
117848023
94018242
105900885
85089580
113717498
68185941
98815451
84199798
105996303
107235411
67995262
87472723
105074742
98561009
110349334
87154907
104884171
117148840
88489203
95542932
88870720
111112096
109618564
86837273
119976644
104820625
98943122
123408239
107648592
81530570
91380208
86518893
102183829
74349899
78607533
108220424
93731441
121438403
107172180
69806400
116513534
107394220
99387349
79878555
110190465
103199998
99609879
90523126
95828776
97226440
86963727
75017210
89092503
70600711
116004955
108379490
91857066
118419918
101198290
73301610
100848881
86741969
110063206
103708488
104693936
83945571
79211487
107839063
80133007
78480671
107140161
107331110
89632945
107743986
79592470
101293520
92460859
97798637
90205059
106028133
72189502
102596450
90681770
79719623
90204654
92841805
89918715
123725996
68694304
80577476
93255547
86455924
108443147
111906154
115750826
75017134
116227621
87854026
87155037
90491322
97576210
82706139
98720562
93413767
88330469
74572534
113050062
110412922
89632688
85470735
98402668
118451566
67772859
84803711
103899233
101198675
119595565
89664811
99292529
110984854
96019278
102247474
92651525
111429843
110349176
89824006
71808077
87218144
112287425
82897088
86932621
80577714
83500514
109268940
71109194
91571005
93191406
108188562
98815586
93636405
77940493
84771505
106918033
75017378
95956152
92079402
115909589
86296819
96750723
105106861
94462309
105742387
104026227
76574074
108410925
84168012
71649358
87695178
98275523
82896933
103549802
87853458
80037460
88870790
101834310
104058237
93509403
110190470
100880944
106822332
108983294
79211126
89824048
106091691
83596263
117307750
124234349
90141222
83850276
113939694
108283827
98243370
105392894
118832792
122963471
110953119
100245477
70155818
110158862
86328643
66692612
80354928
117720768
108855760
116576993
106346061
109142000
106600334
122931637
80323406
71426950
83977404
84993871
87949085
73905299
95670340
100912826
85883466
94812110
73365140
89633107
112986565
92810094
82229910
86455634
111588413
117275854
73936803
85883983
75652728
110063207
86582892
106187324
89156107
96591465
74794874
109300719
94431080
96019108
93858905
99546502
114988379
96813884
88075963
106059773
107553053
121883225
85248323
95574626
102469341
99070058
96972927
102533234
95034062
65802942
82452478
90808723
89505963
111080216
78639506
95288474
104534582
89251409
105837590
94113587
115528434
95447393
82325328
78162661
90777000
88806906
106060169
111429557
119150615
96146663
113177042
74794826
81848304
94049372
116640504
73841641
98466014
83087662
91157870
117625564
97893746
65898249
118356268
77336833
98974124
67995228
72125968
91762229
113272562
108824173
114066976
74985413
86773449
104979547
75430474
68027051
97322581
97735201
95192969
101770693
114098761
96655222
90395220
95892250
105138318
96114570
94939173
93858886
100658070
86138284
80196396
93001066
73078941
104534610
114257377
101135213
91635095
90395894
94938753
85216324
91889048
115909693
114003385
107045026
102056572
100658180
91857397
89791853
78671319
87345402
99228518
89792042
78099313
101166603
100022618
91825190
101421217
112954895
78448797
92778762
95701992
112700769
112700765
78385207
117974910
116672385
69520387
103359025
104058405
107934298
113050318
96050912
104471385
114066911
71839820
78893457
91380167
80577668
116958187
89632817
84231773
92905483
103486644
94970555
94272213
71903332
87345703
86455923
96463974
92778390
118133745
103581253
99355634
100975786
104439736
110412913
81848563
111652155
106345803
106441399
95097978
119563714
99641804
81944113
120866357
93922507
107775491
117212355
77114221
96273350
112446287
92873856
108411061
94652780
96590986
101071215
86201168
103231875
95320712
107076817
87091190
95098028
110825739
97766756
77400075
77527319
95892539
91920684
75398402
118705803
113971595
115083457
82229986
92047396
94716672
103422863
